%YAML:1.0
# PoseRT
pose:
   rvec: !!opencv-matrix
      rows: 3
      cols: 1
      dt: d
      data: [ 1.9789784769741006e+00, 8.7239412973518715e-01,
          -4.6153507223087203e-01 ]
   tvec: !!opencv-matrix
      rows: 3
      cols: 1
      dt: d
      data: [ 5.9385334902804114e-02, 5.8756803272586595e-02,
          7.9342760460903838e-01 ]
   estimated: 1
