%YAML:1.0
# PoseRT
pose:
   rvec: !!opencv-matrix
      rows: 3
      cols: 1
      dt: d
      data: [ 2.0784275843052420e+00, 5.1640794158753123e-01,
          -2.5440163239533886e-01 ]
   tvec: !!opencv-matrix
      rows: 3
      cols: 1
      dt: d
      data: [ 5.5617668897236447e-02, 5.2502654092475620e-02,
          8.0840987427672195e-01 ]
   estimated: 1
