%YAML:1.0
# PoseRT
pose:
   rvec: !!opencv-matrix
      rows: 3
      cols: 1
      dt: d
      data: [ 9.5074458819286622e-01, 2.2311177146569028e+00,
          -1.2246147538251375e+00 ]
   tvec: !!opencv-matrix
      rows: 3
      cols: 1
      dt: d
      data: [ 2.6580920508862179e-02, 7.9601848910738709e-02,
          7.5266529738177235e-01 ]
   estimated: 1
