%YAML:1.0
# PoseRT
pose:
   rvec: !!opencv-matrix
      rows: 3
      cols: 1
      dt: d
      data: [ 2.0913937270431622e+00, 4.4631015182958678e-01,
          -2.1710426604693886e-01 ]
   tvec: !!opencv-matrix
      rows: 3
      cols: 1
      dt: d
      data: [ 5.4559409240083657e-02, 5.1180781700811064e-02,
          8.1040194234369334e-01 ]
   estimated: 1
