<?xml version="1.0"?>
<opencv_storage>
<rvec type_id="opencv-matrix">
  <rows>3</rows>
  <cols>1</cols>
  <dt>d</dt>
  <data>
    -3.4203857415509964e-02 -1.3087565161450309e-02
    2.2697064328599699e-02</data></rvec>
<tvec type_id="opencv-matrix">
  <rows>3</rows>
  <cols>1</cols>
  <dt>d</dt>
  <data>
    -1.0345402724204545e-02 -3.0763488271943616e-04
    -1.3274909089757672e-04</data></tvec>
</opencv_storage>
