%YAML:1.0
# PoseRT
pose:
   rvec: !!opencv-matrix
      rows: 3
      cols: 1
      dt: d
      data: [ 1.9712633644197759e+00, 8.9526207274843650e-01,
          -4.7412226317112321e-01 ]
   tvec: !!opencv-matrix
      rows: 3
      cols: 1
      dt: d
      data: [ 5.9432155542307172e-02, 5.9196171947791636e-02,
          7.9276732296648555e-01 ]
   estimated: 1
