%YAML:1.0
# PoseRT
pose:
   rvec: !!opencv-matrix
      rows: 3
      cols: 1
      dt: d
      data: [ 1.4237104123397522e+00, -1.8366839495724239e+00,
          1.0535857421411252e+00 ]
   tvec: !!opencv-matrix
      rows: 3
      cols: 1
      dt: d
      data: [ -1.3636519871855409e-02, 5.2847733862937368e-02,
          8.0003468819241741e-01 ]
   estimated: 1
