%YAML:1.0
# PoseRT
pose:
   rvec: !!opencv-matrix
      rows: 3
      cols: 1
      dt: d
      data: [ 2.0712486797209722e+00, 5.4218285530341670e-01,
          -2.7592824881153999e-01 ]
   tvec: !!opencv-matrix
      rows: 3
      cols: 1
      dt: d
      data: [ 5.5994595078504780e-02, 5.2769984768955357e-02,
          8.0720132383880983e-01 ]
   estimated: 1
