%YAML:1.0
# PoseRT
pose:
   rvec: !!opencv-matrix
      rows: 3
      cols: 1
      dt: d
      data: [ 1.9693028966696657e+00, 8.9909766495544496e-01,
          -4.7662497043886698e-01 ]
   tvec: !!opencv-matrix
      rows: 3
      cols: 1
      dt: d
      data: [ 5.9373098637729209e-02, 5.9244886511686926e-02,
          7.9243653038657913e-01 ]
   estimated: 1
