%YAML:1.0
# PoseRT
pose:
   rvec: !!opencv-matrix
      rows: 3
      cols: 1
      dt: d
      data: [ 3.0101502277519138e-01, 2.6158906766035432e+00,
          -1.4338104280665664e+00 ]
   tvec: !!opencv-matrix
      rows: 3
      cols: 1
      dt: d
      data: [ 6.1720482920865740e-03, 7.8450250243469535e-02,
          7.6251519782189237e-01 ]
   estimated: 1
