%YAML:1.0
# PoseRT
pose:
   rvec: !!opencv-matrix
      rows: 3
      cols: 1
      dt: d
      data: [ 8.5238379129645303e-01, 2.3022803673856100e+00,
          -1.2627575151846877e+00 ]
   tvec: !!opencv-matrix
      rows: 3
      cols: 1
      dt: d
      data: [ 2.3151531022021648e-02, 7.9832058744960535e-02,
          7.5358215015264296e-01 ]
   estimated: 1
